2
1,9
1801,4
1,3,3.5,99,8
3,3,3.14,47.4,7
5,6,0,0,0
8,6,0,0,0
1802,3
1,3,3.5,99,8
5,3,3.14,47.4,7
6,3,3.14,47.4,7
1803,3
1,3,3.14,47.4,7
8,3,3.14,47.4,7
9,3,3.14,47.4,7
1804,2
1,3,3.14,47.4,7
9,3,3.14,47.4,7
1805,2
1,3,3.14,47.4,7
8,3,3.14,47.4,7
1806,3
1,2,3.14,47.4,7
8,3,3.14,47.4,7
9,3,3.14,47.4,7
1807,4
7,3,3.14,47.4,7
8,3,3.14,47.4,7
9,3,3.14,47.4,7
2,6,0,0,0
147,0
111,0
2,3
1901,3
10,3,3.5,99,8
11,3,3.14,47.4,7
12,6,0,0,0
1902,3
10,3,3.5,99,7
11,3,3.14,47.4,7
13,6,0,0,0
1903,3
10,3,3.5,99,7
12,3,3.14,47.4,7
14,6,0,0,1